Landing area: 
{ 
  "width": 10,
  "height": 10
}

Platforms: 
[]

Rockets: 
[]


     0     1     2     3     4     5     6     7     8     9 
                                                             
0   [ ]   [ ]   [ ]   [ ]   [ ]   [ ]   [ ]   [ ]   [ ]   [ ]
                                                             
                                                             
1   [ ]   [ ]   [ ]   [ ]   [ ]   [ ]   [ ]   [ ]   [ ]   [ ]
                                                             
                                                             
2   [ ]   [ ]   [ ]   [ ]   [ ]   [ ]   [ ]   [ ]   [ ]   [ ]
                                                             
                                                             
3   [ ]   [ ]   [ ]   [ ]   [ ]   [ ]   [ ]   [ ]   [ ]   [ ]
                                                             
                                                             
4   [ ]   [ ]   [ ]   [ ]   [ ]   [ ]   [ ]   [ ]   [ ]   [ ]
                                                             
                                                             
5   [ ]   [ ]   [ ]   [ ]   [ ]   [ ]   [ ]   [ ]   [ ]   [ ]
                                                             
                                                             
6   [ ]   [ ]   [ ]   [ ]   [ ]   [ ]   [ ]   [ ]   [ ]   [ ]
                                                             
                                                             
7   [ ]   [ ]   [ ]   [ ]   [ ]   [ ]   [ ]   [ ]   [ ]   [ ]
                                                             
                                                             
8   [ ]   [ ]   [ ]   [ ]   [ ]   [ ]   [ ]   [ ]   [ ]   [ ]
                                                             
                                                             
9   [ ]   [ ]   [ ]   [ ]   [ ]   [ ]   [ ]   [ ]   [ ]   [ ]
